1.031585
0.965958
0.914186
0.748639
0.993342
1.027719
1.111896
1.024033
1.004846
1.025029
0.918358
0.935601
0.893229
0.944721
0.825976
0.981449
0.964188
0.994190
0.887703
0.952803
0.997029
1.021622
0.939091
0.963211
0.870092
0.960628
0.946969
0.917017
1.007004
0.967845
1.009539
1.067640
0.997266
0.975448
0.815453
1.078389
0.901943
1.038172
0.947924
0.893086
1.079213
0.927077
0.870070
1.078525
1.074662
0.892499
0.898923
0.988212
0.937653
0.993622
0.887007
0.857406
1.032918
0.999281
0.828232
0.880969
0.933210
0.780704
0.954408
0.959506
0.943250
1.000693
0.960311
1.058952
0.958712
1.031144
1.033384
1.044754
1.074939
1.030147
1.018865
0.911912
1.024413
1.015477
0.922467
1.041171
1.054537
0.963168
1.051449
0.982625
0.994248
0.923178
0.883923
0.971502
0.935679
0.970444
0.842667
1.002985
0.940668
0.924893
0.795772
0.964416
0.957616
0.996363
1.069023
0.926613
0.970665
1.063899
0.916460
0.928413
0.960049
0.978285
0.933242
1.053935
1.067387
1.063850
0.955685
0.872347
0.897939
1.014289
0.960551
0.943162
1.017572
0.939011
1.020050
0.967124
1.013648
1.068209
0.936655
1.038498
1.042109
0.955210
0.979061
0.994122
0.926612
0.970955
0.949863
1.030455
0.963994
0.931073
0.924063
1.042132
0.982029
0.998619
1.012938
1.045088
1.007017
0.913115
1.004885
0.885401
1.003409
0.942626
0.907917
0.801471
0.954537
1.029350
0.971862
0.916892
0.836670
0.982760
0.961310
0.925810
0.888661
0.967409
0.898225
0.770300
0.968753
0.941120
1.019623
1.017265
1.028946
0.998799
0.946913
1.069450
0.796281
0.963790
0.950209
0.917239
0.956551
1.082568
1.002737
0.927938
1.025887
0.943038
0.859213
0.974553
0.927246
1.012106
0.980881
0.875280
1.008033
1.009227
0.961792
0.880349
0.819001
0.967234
1.007241
0.979501
0.918200
0.941868
0.991599
0.920294
0.983000
0.950144
0.925237
0.986532
0.859328
1.006427
0.811746
0.901670
0.967333
0.965141
1.058069
1.019928
0.858928
0.970438
0.977317
0.984597
0.795576
0.834966
0.848331
1.049860
0.920478
0.864710
0.994859
0.945014
1.074698
0.863094
0.854789
0.989140
0.859764
0.998411
1.011498
1.011043
0.907106
0.731482
1.044074
0.924627
1.033148
1.000074
1.010382
1.013391
1.036434
0.892839
0.988119
0.936915
0.989214
0.918236
0.803085
0.889100
1.029682
0.954045
1.020919
1.019276
1.011200
1.016721
1.056508
0.961596
0.929848
0.909062
0.996397
1.030046
1.063297
0.993367
0.919893
1.073338
1.015512
0.841021
1.018977
0.977184
1.040629
1.045602
1.006841
0.981314
0.942989
1.012429
0.846216
0.756914
1.006582
0.984374
0.982571
1.043339
0.995395
1.014663
0.862046
0.832074
0.912532
0.921600
1.010912
1.025891
1.019944
1.000857
1.057512
1.037972
0.950492
0.968049
0.971561
0.971213
1.016523
0.745539
0.955455
0.879365
1.006118
0.962043
0.897938
1.011528
1.000469
0.934263
1.024768
0.993748
1.012078
0.885915
1.009309
0.757425
0.916813
0.968794
0.818246
0.881475
0.928933
0.966441
0.992047
1.002785
0.937716
1.009577
0.944686
1.078205
0.868497
1.022206
1.049303
1.068944
1.028882
1.068937
1.008998
1.046732
0.956318
1.005722
0.977771
1.047009
1.035294
0.999962
0.970857
0.827570
0.848975
0.915635
0.990203
0.809282
0.920371
0.998866
1.046879
1.083432
0.980360
0.965556
0.979057
0.980099
0.996345
1.003801
1.002090
1.026436
1.044328
0.998020
1.009768
0.977907
0.944764
0.791911
1.017321
1.029535
0.999587
0.997565
1.057048
1.017389
1.002940
1.028276
0.991902
0.910766
0.972059
1.019769
0.961409
0.975424
0.995254
1.031862
0.813156
0.953155
1.008716
1.052599
0.930585
1.003759
0.955385
1.040637
0.935779
1.078121
0.910672
0.989028
0.995273
0.945342
1.007857
1.058051
1.051202
1.024625
1.023229
0.997660
0.948428
0.874915
0.965828
0.846616
0.904575
1.035186
1.065521
1.045151
0.743455
0.879936
0.943110
1.026537
0.893185
1.021497
0.912053
0.994304
1.005338
0.986768
0.980090
0.966127
0.997128
0.988231
0.991773
0.940522
0.985277
1.004964
1.011490
0.944059
0.972624
0.992059
1.017919
0.970476
1.089202
1.019040
1.008890
1.015728
0.911367
0.936506
0.939205
0.971787
1.075072
1.017154
0.981379
1.003992
0.935130
0.914895
0.933073
0.966313
0.926312
1.028074
1.055234
1.033598
1.017594
1.034809
0.918864
1.080305
1.070611
1.011234
0.980713
0.967089
0.896655
1.019581
1.043522
1.039178
1.004523
0.846380
1.061923
0.993956
0.949276
0.956700
0.969352
1.042989
1.023407
1.049227
1.074857
1.050927
1.062525
1.033028
0.993542
0.946839
0.999392
1.105789
0.927802
1.054928
0.984524
1.025618
1.064898
1.052900
0.979286
0.758083
1.052848
0.972118
1.063984
0.910625
1.005406
0.864639
1.058907
0.923381
0.894719
0.993226
0.888497
1.007866
1.020773
1.017892
0.981718
1.069645
0.960450
0.913638
0.845307
0.934635
1.085814
0.864956
0.971546
0.955086
0.884136
0.969189
1.015894
1.042987
0.979005
0.964463
1.044534
1.066326
0.932006
1.028287
1.066547
0.981363
0.960028
1.024056
0.986300
0.888543
0.911338
0.993143
1.112527
0.879783
0.897343
0.969243
0.905150
1.068134
0.828587
1.000475
0.997321
1.001189
1.074959
1.032740
0.970735
1.068563
1.041442
1.003689
0.955755
0.798314
1.070133
0.950666
1.015185
1.045835
1.048636
0.962416
0.900899
0.931216
0.982166
0.962621
0.929065
0.991176
0.993762
1.017615
0.947155
0.952045
0.883771
0.912853
0.839250
1.056196
1.019269
1.003400
0.900206
1.003786
0.978943
0.942973
1.031293
1.015653
1.055874
0.945121
1.020684
0.936699
0.976256
0.870949
1.087812
0.979660
0.960126
0.914633
1.061979
0.954263
1.056426
0.949090
0.960428
0.701376
1.033403
0.902794
0.996692
0.945077
1.045425
1.064063
0.963957
1.059538
1.012354
1.005556
0.948060
0.982661
0.994438
0.995429
0.960755
0.991619
0.992515
0.967265
1.092593
1.030796
0.999058
1.023950
1.087510
0.991233
1.018298
0.958756
0.918197
1.010763
0.884238
1.040075
0.958510
1.003205
1.034527
0.906919
0.978684
1.006522
1.009585
0.956078
0.972756
1.096316
0.998693
1.086392
0.867530
1.007771
1.034971
0.908904
1.038694
0.954970
0.997265
0.820536
0.977774
0.880513
1.022421
0.988866
0.958626
0.993315
1.039818
1.053934
1.030231
0.977677
0.853290
1.024214
1.055738
0.987855
0.972731
1.035292
0.885305
0.990582
1.010631
0.909717
0.954074
0.985365
1.077848
1.002687
0.982613
1.007689
0.917428
1.003769
0.999010
0.907957
0.886000
1.056954
0.899241
0.923524
0.906852
0.855116
0.845259
1.039925
1.012956
0.968226
0.999193
0.875282
0.798930
0.859462
0.894226
0.998294
0.954872
1.066436
1.035406
0.958347
1.000074
1.015880
0.984993
1.057444
0.989558
1.011976
1.024280
1.046879
0.987883
0.925902
0.962869
0.996206
0.969188
1.074315
0.974322
0.964859
0.938818
0.871177
0.996710
1.061316
0.974731
1.035857
0.993195
0.886633
0.941913
0.945996
0.882072
0.954207
0.919072
0.868297
0.874323
0.999099
0.951526
0.939338
0.989413
0.854362
1.008118
0.990397
0.932788
0.982336
0.974218
1.026830
1.044661
0.891274
0.962032
0.979350
0.956649
1.028750
1.002953
0.974301
0.949228
1.050973
0.845027
0.920260
0.965971
0.880751
1.073657
0.915608
0.942261
0.981704
0.845515
1.062723
0.997967
0.969750
0.612169
0.900868
0.996211
1.024380
0.908610
0.950059
1.032759
1.002764
1.014656
0.895777
0.813845
0.919804
1.022323
0.991398
0.895792
0.986010
0.901846
0.937739
0.974960
0.968977
0.847015
0.839459
0.810095
0.878936
0.985212
0.992971
0.911290
0.999779
1.058099
1.013965
0.976542
0.910485
1.105577
1.039313
1.010485
0.987516
0.977413
1.003621
0.910414
0.992528
1.074291
1.035954
0.988059
0.768598
0.869113
0.941272
1.001534
0.983473
0.992316
0.899744
1.020907
0.969688
1.005581
0.996479
1.057395
0.946843
0.975064
1.023467
1.043397
1.009970
1.096212
0.908103
0.942875
0.983724
1.055475
0.999057
0.960833
0.991795
0.978637
0.846072
1.037710
0.822067
0.879223
0.923329
1.051974
0.984194
0.877461
1.086605
1.003603
0.994645
0.920079
1.029322
0.876390
0.953811
0.951087
0.787996
0.930782
1.066903
0.870656
0.960768
0.941774
1.045851
1.003152
0.899040
0.988407
1.022402
0.922572
1.030732
1.064635
0.820048
0.926989
0.933432
1.009540
0.961686
0.990165
0.864304
0.917823
0.994163
0.973279
1.005634
0.955818
1.015542
1.010680
0.940877
0.949225
1.031584
1.034513
0.991985
1.000001
1.022303
1.034357
1.002319
0.920441
0.997924
0.992550
0.918542
0.966212
0.887005
0.853493
0.903383
0.965701
1.021816
0.938811
1.041271
0.883142
1.041203
0.990735
0.812826
0.879944
0.975286
0.991680
0.917624
0.941790
0.819617
0.940917
0.858310
0.879637
0.951373
1.025712
1.042737
1.006046
1.019830
0.997048
0.869678
0.990014
0.961409
0.939503
0.996750
0.966950
1.052228
1.041046
1.076833
1.003236
0.907158
1.038105
0.972761
0.846377
0.963176
0.954985
0.931103
0.928063
0.900592
0.830492
1.008974
0.942330
1.055859
0.962118
1.015805
0.986816
0.978751
0.910842
1.033594
0.940556
1.039239
0.870711
1.001787
1.033105
0.938713
0.895955
1.043582
0.988936
1.003945
0.949885
1.043387
0.930856
1.037958
0.928655
1.014882
0.854240
1.015619
1.022536
0.902276
1.005461
0.947564
0.971375
0.946125
1.026806
0.908154
1.060689
1.043926
0.905739
0.940446
1.018041
1.034889
1.012172
1.070010
1.086308
1.058310
0.994411
0.862905
1.021790
0.907267
1.028124
0.869966
1.029313
0.957559
0.937928
0.883444
1.019806
0.739842
0.891045
0.995871
0.969953
0.967045
0.934870
0.841395
1.015668
0.970600
0.968407
0.955444
0.961894
0.904861
0.964341
1.004341
0.927370
0.924918
1.050842
1.043851
0.966935
0.948081
0.965919
1.000478
1.059625
1.029183
1.010962
1.034232
0.980365
0.952555
1.039947
1.010279
0.847466
0.965724
1.070293
0.975059
1.040490
0.870636
0.960336
0.989451
1.010207
0.915563
0.947119
1.028051
0.921671
0.948536
0.965721
0.891457
0.954058
0.965709
0.973339
0.930654
0.949568
0.923467
1.021143
0.963322
0.965162
0.998048
1.015804
0.855170
1.000931
0.863968
0.894556
0.984971
0.976182
0.868734
0.935466
0.987367
1.055366
0.820516
0.966894
0.910164
0.970863
1.002026
0.976398
1.003429
0.935356
1.054395
0.962581
1.044660
1.011933
0.908105
1.075973
1.031024
0.871211
0.916023
0.979682
0.912979
0.933221
0.908524
0.855563
0.859124
0.993721
0.986863
0.954050
0.929104
0.975377
0.930271
0.955186
1.056275
1.072231
0.892696
0.898263
0.889702
1.058215
0.995616
0.977886
0.990570
0.939449
0.945230
0.821422
1.064442
0.982793
0.973765
0.916789
0.970135
0.878594
1.026926
1.036093
0.909440
1.006363
0.844785
1.011015
1.021171
0.961068
0.668287
0.984962
0.979731
0.933894
0.981235
0.982400
1.005622
1.031217
0.947638
0.866191
0.994449
1.039492
0.850771
0.967293
0.899814
1.004656
0.941253
0.915039
1.034056
0.955119
0.925498
1.016065
1.002136
1.003450
0.848588
1.041139
0.984601
1.049546
0.980842
0.953689
1.095031
1.019731
1.041975
0.929156
0.829827
0.850040
0.971028
1.052611
1.024380
0.805168
0.965217
1.056972
0.929426
0.920466
1.026285
0.997440
0.939623
0.837316
1.037288
0.941724
0.937534
1.005750
1.000930
0.923233
0.978829
0.997911
0.999022
0.962219
0.986985
1.028312
1.001553
0.977607
1.020790
0.996584
0.940371
1.046023
0.896967
1.018139
1.026797
1.016938
0.895838
0.893949
0.945488
0.865990
1.016968
0.978065
0.921042
0.939591
0.971171
0.967806
0.934642
0.946812
1.007107
0.861499
0.925602
0.967911
0.769150
0.875058
0.841612
0.842475
1.033886
1.072516
0.986500
1.024031
1.021053
1.039899
1.007934
0.991739
0.902528
0.947875
0.936308
0.889155
1.061144
0.889873
0.857851
0.915306
1.082757
0.935915
0.891525
0.962440
1.001682
0.881397
0.965521
0.939781
1.016603
1.008067
1.087482
0.988973
1.009158
0.925186
0.996423
0.915914
1.029336
1.011000
0.951345
1.044996
0.983865
0.981012
1.007252
0.963072
0.903863
1.036058
1.043021
0.919030
0.905363
0.914777
0.897155
1.004775
0.964296
0.973943
0.886369
0.945875
0.914264
0.982372
1.078268
0.970182
0.967633
1.053303
0.837871
0.960874
0.972158
0.975898
1.025177
0.979053
1.063544
0.898113
1.017948
0.954672
1.009592
1.032818
1.032125
1.048154
1.030430
1.052851
0.900590
0.982816
0.994738
0.989273
1.004168
0.951251
0.837953
0.943332
0.982617
0.967779
0.958807
0.992324
1.001359
0.953557
0.935848
0.990686
0.947597
0.887323
0.979273
0.968528
0.895823
1.051048
1.005015
1.014257
0.925249
0.929832
0.992936
0.903830
0.977615
0.947322
1.052269
0.969373
1.029427
0.953773
1.005951
1.059612
1.008816
1.035416
0.813204
0.906413
0.900864
1.024640
1.070938
0.971080
1.031187
0.973024
0.973780
1.005784
1.007317
1.047648
0.999015
0.876576
1.044717
0.970022
0.984742
0.857990
0.974082
1.016626
1.005125
0.917390
0.924281
1.062310
1.037608
0.961008
0.952598
1.039871
0.938779
0.935898
0.953978
0.986928
1.024168
0.887703
0.797750
0.925936
0.821916
0.922651
0.905664
0.904048
0.848469
0.984843
1.039758
1.015510
0.915830
0.877772
0.971182
0.880774
1.060459
1.006804
0.976191
1.080720
0.898132
0.936741
0.887100
1.000571
1.049223
0.993342
1.004651
1.012909
1.028514
1.036752
0.931458
0.981536
0.941359
0.775850
0.967091
1.003993
1.028007
1.033964
0.860324
0.998109
0.895981
0.936633
1.004630
1.071842
0.877778
1.051767
1.014595
0.976577
1.027457
0.986603
0.940015
0.989740
0.894387
0.973745
0.710962
0.930115
1.013131
1.058983
1.021952
1.007391
0.847242
0.962909
0.887922
1.064371
1.045684
1.047649
0.855883
0.815838
0.940995
0.961407
0.992851
0.878740
1.005949
0.882898
0.868078
1.021541
0.807172
1.024651
1.085895
0.859320
1.100027
0.822239
1.016168
0.791945
1.017000
0.984793
1.038898
1.073548
1.018932
1.082063
1.040152
0.926092
0.950978
1.009801
1.024056
1.003123
0.837283
1.018283
0.976266
1.089890
0.982610
1.058145
0.994685
1.032399
0.924615
0.931252
1.010719
0.922111
0.886979
0.911228
1.032219
1.039722
0.913462
0.991841
0.935472
0.967529
0.916194
1.005511
1.066178
1.023707
1.072115
1.060359
0.908949
0.964696
0.915921
0.901126
0.999878
1.008452
0.998127
0.998159
0.897156
1.011662
0.827253
0.929092
0.969223
0.966552
0.952936
1.013406
0.949704
1.074084
0.958377
0.893934
0.939518
0.984257
0.926082
0.887118
0.909791
1.046021
1.004217
1.107831
0.921855
0.979553
0.944267
0.910033
0.955351
1.025731
1.076609
1.004730
0.922971
1.004232
0.973922
1.022031
0.929548
1.043482
1.037459
1.021230
0.983643
0.955598
0.922868
1.040769
0.961283
0.914675
0.904238
1.034391
1.003118
0.987517
1.042638
0.968167
1.052780
0.990162
0.904221
0.892953
1.000922
0.887981
0.762610
1.028751
0.996407
0.961106
1.004989
0.809811
0.946010
0.978119
0.894428
0.923949
0.848818
1.051319
0.994260
1.050457
0.912269
0.955648
0.975658
0.976103
0.908152
1.041605
1.022235
0.953085
1.013078
0.883651
0.886139
0.885552
1.049104
0.882978
0.966466
0.967016
1.017437
1.023659
0.947540
1.036524
1.045905
1.118100
0.878423
1.008423
1.012858
0.944681
1.013685
0.967549
0.937458
1.063111
0.848228
0.965286
0.964998
0.822148
0.878495
0.945263
0.965447
0.917741
0.925307
1.063815
1.000082
1.000325
0.755080
0.954623
0.980135
1.030288
1.040418
0.923255
0.969355
0.977376
1.048143
0.826306
0.809867
0.935227
0.997547
0.964728
1.022835
1.065064
0.984209
0.973293
1.037131
0.896886
0.960676
0.971128
0.823459
1.008656
1.055504
0.971621
1.021677
0.991294
1.008752
1.037408
0.957919
0.964560
0.970035
0.910792
0.962979
1.055044
0.819805
0.957107
0.945278
0.944399
1.001815
1.044833
0.967436
0.979616
0.939115
0.977740
0.987046
0.915992
0.890768
1.013721
0.855302
0.973237
0.995216
0.959903
0.967442
1.089410
1.014848
1.014529
0.974513
1.026494
1.011904
0.927927
0.909664
0.995448
0.854988
0.982530
0.953417
0.973809
1.021157
0.964690
1.008719
0.952698
0.973675
0.939644
0.987073
1.036808
1.037575
0.932229
0.998254
0.873236
0.993682
1.008767
0.905868
0.984910
0.938309
1.029313
1.060259
0.946473
0.968933
0.822916
1.098630
0.955187
1.042180
0.944761
0.973887
0.940061
1.046535
0.962175
1.012279
0.980497
0.840239
1.031777
0.946600
1.034973
0.919480
0.984885
1.010335
0.788164
0.894538
0.988447
1.069121
0.949185
1.068123
0.938126
0.900946
1.017013
1.010464
1.039750
1.003150
1.015367
0.931795
1.047925
1.089820
1.054327
0.962424
1.062405
0.870533
1.103456
1.035711
0.949511
0.787089
1.052640
0.903430
0.896410
1.004500
1.034746
0.971774
0.938468
0.835049
1.040319
0.948821
0.897887
1.000227
0.979974
0.960764
1.042889
1.052783
1.013014
0.996938
1.033204
1.036613
0.966792
1.010102
1.028407
1.042610
1.098144
0.886796
0.976249
1.001254
1.024840
0.931980
1.042430
0.971949
1.114229
1.066574
1.035792
1.018426
1.037137
1.006294
0.912455
0.972369
0.941066
1.027381
0.894385
1.058371
1.064357
0.812997
1.003199
1.064138
1.050756
1.057856
0.918715
1.013842
0.876861
0.852041
0.947569
1.001399
1.011829
0.969343
1.034307
0.901828
0.996426
0.995651
0.988174
0.988903
0.940492
0.924856
1.023110
0.976134
0.956523
1.057362
0.936040
0.854314
1.069724
0.982777
0.881670
0.927034
0.988788
1.053676
0.934310
0.969140
0.946956
1.060240
0.970071
0.862693
0.984222
1.002924
0.939028
1.055213
1.031850
0.885317
1.037274
0.940067
0.998427
0.816531
0.961561
1.054708
0.843786
0.972606
0.722233
0.979361
1.011001
0.895097
1.007958
1.047732
0.949000
0.917460
0.967928
0.941066
0.942945
1.023811
0.964379
0.886515
0.988078
1.043915
1.019425
0.992007
0.945928
1.065628
0.914111
0.802523
1.016917
1.026674
1.008106
0.847872
1.041497
1.058043
0.982464
0.923141
0.979731
0.896031
0.904158
0.994149
1.025229
1.008145
0.996581
1.023107
0.967867
1.009019
0.987509
0.944808
1.061024
0.861084
0.803911
0.996770
0.968730
0.999627
0.984996
0.995723
0.995950
1.091422
0.978929
0.875523
1.095142
1.018609
0.944829
1.057712
0.979146
1.057871
0.949343
0.869123
1.043889
0.941329
1.045567
1.062926
0.937811
1.012360
0.938105
0.893917
0.881601
0.988597
0.945076
1.005769
1.012556
0.814621
0.981600
0.907029
1.043223
0.996880
0.916459
0.943754
1.014777
0.868304
0.780457
0.959638
1.029267
1.040128
0.806455
1.031930
1.038357
0.925977
0.902302
0.851650
0.955323
0.928062
1.017802
0.808414
0.882699
0.936742
0.986594
1.071536
0.861664
0.920685
0.996270
1.010282
0.999131
0.755407
1.072162
1.062381
0.901330
0.977592
0.960726
0.952130
0.992592
1.073821
0.837754
1.058686
1.002298
1.013268
1.077925
0.969845
1.004133
0.983798
0.992795
0.985623
0.879547
0.901884
1.017334
1.035850
0.948243
0.942978
0.779336
0.982168
0.868413
1.051154
0.951870
0.816795
0.990440
0.988178
0.962879
0.862133
0.994634
0.959904
1.021905
1.017308
0.920058
1.024189
0.945252
0.785742
0.921562
1.027599
0.961839
0.814225
0.938142
0.974335
0.595315
0.986274
0.970950
1.046356
0.994062
0.983746
0.980566
0.951650
0.838526
0.949653
1.018520
1.039976
0.937694
1.004964
0.914287
0.983881
0.934805
0.955138
1.028883
0.932281
1.011357
0.922385
0.846478
1.014806
1.015122
1.028060
0.917932
0.879884
0.953280
0.893409
0.854003
0.889584
0.995123
1.006610
0.965250
0.966537
0.975784
0.914400
1.022529
0.973370
0.919591
0.995151
0.912338
0.912340
0.966456
0.990646
1.107449
0.989579
0.931772
0.953689
1.001712
0.968972
1.075524
0.854662
0.768604
0.824260
0.991959
0.938465
1.048042
1.013772
0.991002
1.026355
0.878683
0.912380
0.945021
0.967132
0.965667
0.955069
1.048909
1.062190
0.909422
0.944188
1.016679
0.896309
0.893248
0.902314
0.927037
1.048019
0.981667
0.860550
0.896171
1.086984
1.003067
0.931463
0.939028
1.009145
0.976002
0.981483
0.929717
0.910267
0.985429
0.794465
0.952581
1.015821
0.954770
1.006451
0.912197
1.030783
1.043830
1.004421
0.960927
0.932972
0.853076
0.993961
1.081507
0.975258
1.051504
0.947190
1.018673
0.921851
0.962841
0.847845
0.994564
1.038513
0.902180
0.976754
1.022279
0.991761
0.949427
1.028174
0.983794
1.101556
0.846007
1.007014
1.031628
0.881928
1.019941
0.933155
0.902623
1.051906
1.007653
0.972573
1.007628
1.013279
0.994203
1.060624
1.075512
0.964830
1.005448
0.664927
0.979757
1.084935
0.846951
0.964743
0.980159
1.027369
0.987234
0.974485
0.994706
1.015424
0.993994
0.949807
1.009632
1.040299
0.896545
1.041459
0.954224
1.086640
0.889632
0.877527
1.047304
1.051897
1.000437
0.980316
0.995336
0.914051
1.057746
0.943365
1.008480
0.973791
0.903971
0.993971
0.989244
0.969862
1.012991
1.027709
0.973892
1.041589
1.069404
1.033733
0.924766
1.065958
0.910246
0.929989
0.989237
1.014995
0.980961
0.997240
0.958147
0.847052
1.013569
0.973147
1.005615
1.048444
0.974899
0.970077
0.964774
1.005440
1.028309
1.014806
0.998327
0.814135
0.809121
1.076411
1.029513
0.987769
1.031264
1.090100
1.004984
1.037855
0.921827
0.885381
0.897088
0.929100
1.003521
0.984855
0.924025
0.880344
0.929845
0.950217
0.929093
1.039568
0.920766
0.967431
0.940781
1.061690
0.951942
0.855968
0.930165
1.006651
0.901335
0.989458
0.947935
0.672074
0.873465
0.954661
1.054713
0.887904
0.980514
0.971752
0.950354
0.820063
1.008097
0.882550
1.045659
1.019040
0.939244
0.912980
0.843946
0.954617
0.972808
0.858092
0.960797
0.963370
1.056702
0.927560
1.045400
1.023106
0.977792
0.903960
1.053750
0.924349
0.915380
0.890002
0.893472
0.988581
0.750424
0.958336
0.943817
0.983398
0.951827
0.962568
1.072981
1.003515
1.019495
0.924602
0.929070
1.045379
0.988416
1.050129
1.016534
0.986742
1.076597
0.962721
0.972021
1.006638
1.049230
0.946994
0.994718
1.007227
1.070561
1.048185
0.919542
0.822798
0.826674
0.891146
1.018818
0.992038
0.983518
0.998031
0.982061
0.855988
0.974046
0.990785
0.896329
1.013533
1.026333
1.034486
1.033202
0.920632
1.012572
0.932487
0.849181
0.983560
0.989370
0.799578
0.989548
1.012662
0.909013
0.897650
0.983003
0.753590
1.025002
0.964058
1.049553
0.917745
1.005949
0.982495
0.960657
0.933367
0.991455
0.957287
0.932178
0.851089
0.820370
1.046246
1.028679
1.018202
0.960226
0.786846
0.744355
0.860231
1.028136
0.880295
1.025932
0.954025
1.017772
0.953764
0.963697
0.991496
1.027758
0.975756
0.902871
1.055215
0.880935
1.016062
0.627387
0.825209
0.998964
1.032376
0.950536
0.931186
0.886570
0.999166
0.971062
0.966599
1.036000
1.026627
1.056782
0.977304
1.009989
1.046198
0.962219
1.032597
1.020724
0.935360
1.006471
1.000227
1.089762
0.976073
0.929964
0.908009
0.853486
0.960539
0.933036
0.906234
1.081683
0.873755
0.951410
0.913633
1.093907
0.924196
0.874509
0.932609
0.949689
1.047208
0.909982
0.916524
1.032666
1.017193
0.914880
0.963209
1.076780
0.994069
1.003819
0.949035
0.969509
1.032258
1.041329
1.005738
0.980774
1.055424
0.854458
0.919820
1.017585
0.911691
0.984602
1.011550
1.009122
0.955898
0.910545
0.856427
0.951946
0.994244
0.775287
0.934345
0.973918
1.007796
1.028998
0.932789
1.005386
0.998412
0.923087
0.940096
1.002963
1.016403
1.044135
0.950022
0.950990
0.997638
0.876167
1.076268
1.005235
0.958900
1.000887
1.031059
0.934651
1.003110
0.954879
0.911242
0.972869
0.859384
0.905819
0.967487
0.953802
1.068113
1.077064
0.989697
1.025394
1.014015
0.924365
0.910096
1.035237
0.993178
1.046186
0.827466
0.990078
0.921336
0.953636
0.994885
1.017322
0.891955
1.055508
0.905454
0.998843
1.014571
1.042791
0.952811
1.035433
0.975537
0.860509
1.062598
0.988031
1.055368
1.032852
1.002085
0.998437
0.937520
1.007503
0.943436
0.949998
0.903631
1.055432
0.853976
1.009438
1.044631
1.017172
0.925414
1.064114
1.043491
0.986307
1.022645
0.911984
1.011311
0.991307
0.864924
1.068192
1.037061
0.886811
0.855305
0.884816
0.968926
1.025374
1.028433
0.946848
1.074409
0.961673
0.995919
0.998954
1.057661
1.014890
1.040670
1.047136
0.973708
1.034629
0.973646
0.941294
1.021415
0.819352
1.039971
0.886449
0.997436
1.093840
0.936457
1.045973
1.025872
0.998087
0.951837
0.771447
0.969793
0.956329
0.816454
0.894940
0.870202
0.959167
0.962509
0.852239
0.851503
1.005526
1.061899
1.019322
0.828565
0.931886
1.069552
0.872244
1.022274
0.911976
0.946546
0.940589
0.838084
0.879091
0.836794
0.972831
0.902411
0.894679
0.967247
0.982950
1.021728
0.914515
0.932193
1.077341
0.954520
1.036235
0.977241
1.008495
0.877440
0.889661
0.910276
1.089709
0.965168
0.879128
0.886957
1.054560
1.047241
0.995742
0.805812
0.986419
1.008909
1.024731
0.972394
0.989995
1.011376
0.847975
0.916695
0.991834
0.946071
1.033307
1.026348
1.016370
0.889313
0.926154
0.891381
1.006395
1.009575
0.992913
0.940915
0.882254
1.047908
0.912329
0.976464
1.014126
1.011103
1.002317
0.939561
1.077660
1.028886
0.953010
1.088057
1.068782
0.992497
0.953915
0.972826
0.902108
0.887608
0.987340
0.961592
1.036624
0.831798
0.862238
0.894852
0.872725
0.971432
1.032737
0.954710
1.022328
0.962741
0.932488
0.995477
0.965539
0.954674
0.949030
0.954377
0.940476
1.055207
0.978900
0.882391
0.938894
0.992145
0.928253
0.980315
1.047767
0.960069
1.029001
1.009256
0.918279
1.038653
1.019082
0.784846
1.021378
0.983936
0.970319
0.982023
1.020580
1.046767
1.011201
1.038345
0.988148
1.083824
1.048217
0.941895
1.017357
0.955760
0.916532
0.966005
1.037583
0.929893
0.876935
1.001092
0.994552
0.802653
1.005671
0.934207
0.755754
0.921022
0.887888
0.917160
1.012371
0.995437
0.977413
0.890632
0.981894
0.894549
0.992456
0.885622
0.923118
0.966316
0.971026
0.971429
0.924377
1.055411
0.960472
0.909914
0.982727
0.928520
1.026391
0.883509
0.831208
0.919564
0.707894
0.811519
0.970995
1.063940
0.873142
0.841243
1.072353
1.017786
1.001617
0.968160
1.028582
0.855754
1.042137
0.989520
1.022143
0.912720
0.997699
1.090144
0.928095
0.931509
0.970525
1.017258
1.049145
1.002726
1.069801
0.878649
1.020571
1.053527
0.930897
0.934740
0.997238
0.962304
0.943552
1.074524
0.961515
0.931248
0.850688
0.961613
0.976624
1.027486
0.968850
0.980936
1.013583
0.976384
1.018741
1.086494
1.024117
1.035700
0.920010
0.975233
1.050656
1.049147
0.998517
0.971109
1.016372
0.852709
0.964317
0.944547
1.060979
0.968290
0.971808
0.757753
1.013360
0.922254
0.720274
0.922859
0.878582
0.845485
1.016334
0.939654
1.103038
0.865121
0.945477
1.025327
0.940387
1.050843
0.978203
1.083498
1.003605
0.889649
0.969165
0.787356
0.915902
0.771869
0.898572
1.061818
0.858126
0.930635
0.963789
0.936798
0.854273
1.086816
0.954860
0.909288
1.025379
0.895932
0.948103
1.011798
0.921469
1.012142
0.933736
1.044069
0.849084
0.970314
0.958366
0.976644
0.892299
0.864432
0.942627
1.076976
0.958688
1.043593
1.017970
0.949820
0.801727
1.004484
0.963749
1.013086
1.011352
1.013685
0.907549
0.845232
0.998233
0.926267
1.030248
1.069249
1.057173
0.862375
0.929066
0.799252
1.065203
0.893909
1.057074
1.011769
1.030130
0.885846
0.840135
1.040969
1.056639
0.929177
1.001624
1.110957
1.037156
0.967552
1.052568
1.012225
0.985950
1.011613
0.995224
0.997329
0.951552
0.940394
1.044878
0.942685
1.016231
0.989083
0.883685
0.932255
0.990554
0.980826
1.071953
1.017659
1.069095
1.026378
0.882917
1.031820
0.950033
0.958819
0.984075
1.068704
1.040220
1.025520
0.879353
0.987075
1.081671
0.952433
1.041167
1.014298
1.082625
0.905540
1.024978
1.018996
1.009635
0.972315
0.948632
0.944258
0.914930
0.858838
0.922646
0.954841
1.027072
0.994883
0.866743
0.978328
0.827859
0.964360
0.939783
0.995048
0.986680
0.907210
0.992361
0.974511
0.894765
1.014396
0.813422
1.018517
1.001394
0.995261
0.949095
1.016041
1.015102
0.893647
0.998480
0.838863
1.050388
0.934561
1.007957
0.962641
1.009830
0.990385
1.006216
0.806138
0.989006
1.029906
1.012152
0.985067
0.992833
0.990299
1.070899
0.858848
0.944388
0.894498
0.850485
0.875803
0.940329
1.012261
0.835543
1.059771
0.917991
0.913469
0.924716
0.990062
0.709603
0.948768
0.965835
1.014265
1.018538
0.923734
1.043284
0.996270
1.057975
1.047897
0.962418
0.962663
1.048233
1.007676
0.984312
1.014936
0.978843
1.008611
0.870916
0.943315
1.050826
1.019687
1.001358
0.848818
1.069464
1.032451
0.957883
1.017122
0.983281
0.969518
0.940820
0.970420
1.038499
0.825125
1.021540
0.894266
0.987765
0.859046
0.982195
0.930629
1.021197
1.028011
0.998783
0.971763
0.970199
0.909413
0.963518
1.003980
1.073744
0.981472
0.997988
1.016818
1.032925
0.973022
0.960322
0.973346
0.981940
0.877515
0.970348
0.949164
1.014788
1.064371
0.916747
0.945917
0.925443
1.019813
1.050112
0.933569
0.959662
1.030230
0.975995
0.923307
0.927584
1.035577
1.096192
1.073042
0.980352
1.025583
1.020979
0.967958
0.956016
0.993821
0.947471
0.922344
0.942939
1.052393
1.038708
0.890298
1.060141
0.888079
0.917367
0.918143
0.890792
1.024412
0.835259
0.935445
0.947730
1.050721
1.059672
0.975628
0.953112
0.939218
0.993649
0.840129
1.037062
1.050400
0.913301
0.942143
1.069052
0.964815
0.958562
0.955935
0.881802
1.063730
1.050605
0.939368
0.948380
0.877064
0.910830
1.038304
1.051723
0.974463
0.879080
0.994131
0.979406
1.010325
1.068949
0.948681
0.970711
0.961331
1.025437
0.978337
1.026819
1.000571
0.964158
1.036532
1.000396
1.005101
1.016864
0.979419
0.962492
1.100516
0.946472
0.937471
0.982570
0.933119
0.998315
0.988039
0.926173
0.938405
0.958688
1.016679
1.028736
0.952890
0.858765
0.779881
1.002034
0.941330
0.949013
0.996382
0.929125
0.970352
0.906709
0.982103
0.912052
0.973264
0.963302
0.975028
1.049881
1.099133
0.984110
1.108802
0.971502
0.924856
0.988301
1.034336
1.045118
0.866307
0.933897
0.983968
0.953498
0.923898
0.982366
0.909731
0.737668
0.942579
1.055216
0.959554
1.065422
1.014025
0.820193
1.016187
0.989371
0.872399
0.958082
0.979006
0.842259
1.018030
1.010111
0.920807
0.958402
0.992032
0.902799
1.024458
0.995659
0.990826
1.013786
1.052564
0.990923
1.000109
1.009932
0.980921
0.915432
0.973900
0.961474
1.005284
0.848292
1.033649
0.989296
0.938662
0.928601
0.919504
0.964384
0.995016
1.075889
1.041458
0.959723
0.985991
0.941425
1.036832
0.899168
1.059983
1.024282
1.047695
0.897849
0.884550
1.059673
0.955135
1.009258
0.981072
0.920307
0.873241
0.895594
0.997074
0.984849
0.901853
1.058690
1.011311
0.895672
0.975760
0.947973
1.059096
1.059839
1.001407
0.979818
1.014353
0.975372
0.984452
1.001420
1.041497
0.916484
0.899407
1.023149
1.002387
0.932382
0.948537
0.955554
0.972586
0.968940
0.894530
0.963855
0.984943
0.879992
0.852392
0.866300
0.975188
1.007597
0.969330
0.868575
1.038508
1.110674
1.029093
1.042284
0.961685
1.004652
1.049646
1.045978
0.894515
0.997792
0.890779
0.934104
0.980820
1.008243
0.935149
0.984968
0.992817
0.935662
0.820927
1.004819
0.899912
0.923136
1.092083
1.004727
0.968977
0.957075
1.034658
0.969079
0.989984
0.712429
1.050564
1.081536
1.000056
0.817244
0.888586
1.026121
0.995912
0.954787
1.026272
0.973215
0.913362
1.073639
0.967317
0.959240
0.909310
0.954154
0.834209
1.016735
1.007470
1.021702
0.925871
0.994162
0.991909
0.970355
0.911663
0.969187
1.008430
0.995827
0.923885
0.918250
0.873030
0.986840
0.909146
0.937337
0.906448
1.002240
1.014526
1.049281
0.959920
0.972546
0.972039
1.001295
0.910259
0.897071
1.050517
0.987479
1.008753
0.946394
0.974761
1.039729
0.898273
0.882881
0.961164
0.934672
0.963030
0.929489
0.943546
0.979381
1.050081
0.866094
0.841648
0.960854
0.927533
0.852078
0.958377
0.870830
1.004754
1.009501
0.806120
1.026755
1.001526
1.059773
1.069386
0.972106
0.943132
0.890570
0.953105
1.035888
1.059287
1.082418
0.961519
0.925199
0.941116
1.064140
0.990185
0.843001
0.993846
0.953682
0.945351
1.072272
0.963727
0.939749
0.967425
0.781658
0.936980
0.890329
1.033811
1.000585
0.904891
1.041076
0.866992
0.894497
1.051455
0.981467
0.968870
0.933492
0.948539
0.879910
1.022262
0.999061
1.040737
0.982815
1.101428
1.056340
0.987886
0.964672
0.770609
1.021827
1.044061
0.958042
1.021546
0.893729
0.915946
1.056397
0.971516
0.979487
1.004125
1.023867
1.060402
1.060024
0.958877
0.954235
0.923976
1.035359
1.060424
1.027395
0.834630
0.977992
0.883522
1.009506
1.013933
0.997110
1.052305
1.052463
0.995566
0.941672
0.960427
1.004176
0.925644
0.948671
0.968641
0.862847
0.993195
0.963925
1.084050
1.020829
0.969723
0.938081
0.921815
0.973408
1.013725
1.004862
0.966713
1.074944
1.044867
1.058822
1.068384
0.976819
0.978179
0.857424
0.972621
1.056658
1.042904
1.023833
1.030239
1.011585
0.829622
0.933618
1.036115
0.980203
0.926149
0.966906
1.040244
0.985372
1.089678
1.016184
0.952141
0.992594
0.942273
0.962238
0.944347
1.010325
1.024301
0.994315
1.003870
0.886386
0.916118
0.982096
0.894757
0.832836
0.959194
1.031138
0.988065
1.048941
0.818626
0.938423
1.036735
0.992297
1.054436
0.992831
0.896483
0.951344
1.022426
1.018528
0.925289
1.009124
1.031034
0.972693
0.973138
0.885636
0.871572
0.974007
0.902219
0.908371
0.965022
0.796197
0.859100
0.932485
0.981244
0.913399
0.974310
0.945934
1.013530
1.027095
0.958805
0.968416
0.984744
0.811133
0.873855
0.862138
1.009708
0.976777
0.953279
1.015975
1.000683
1.022405
0.924430
1.048439
0.982469
0.985119
1.031658
0.988756
0.970580
0.836829
0.942689
0.978716
1.071736
0.994706
1.033197
1.039414
1.017041
0.857957
0.979144
0.897763
0.937925
0.958384
0.962117
0.982465
1.011806
1.026821
1.079993
1.061626
0.995943
0.865870
1.011441
0.996042
1.050470
0.782217
0.983260
0.893647
1.044045
0.932628
1.064492
0.945624
0.917650
1.024159
1.033362
0.976244
0.994312
0.937034
1.021459
0.911534
0.828196
0.992475
0.838177
1.040355
0.913017
0.867073
1.031724
1.013364
0.876761
1.051507
0.977104
0.981881
0.828607
0.985495
0.917072
0.979879
1.039973
1.014483
0.972674
0.945805
1.032982
0.873730
0.982413
0.828234
0.965256
1.044628
1.018326
0.855225
0.930144
0.995335
1.050212
0.991538
1.017156
0.883620
0.998494
1.008132
1.066194
0.954205
1.050825
0.997476
0.951919
1.018469
0.992924
1.030077
1.010773
1.030640
0.903261
1.013592
1.011334
0.993792
0.940903
0.866585
0.888331
0.940866
1.031247
1.029990
0.958377
0.967292
0.942987
0.894471
0.972548
0.949426
1.031293
0.986647
1.043345
1.059146
1.046712
1.088324
1.034356
0.918171
0.942379
0.974181
0.937255
0.911257
0.843372
0.986476
1.075201
0.961173
0.922924
0.980720
1.005927
0.976437
1.057882
0.862658
0.923955
0.971466
0.981787
1.003668
0.921463
1.057098
1.056046
1.010707
1.016236
0.975751
0.998864
1.041181
0.875651
0.981607
0.984030
0.990748
1.046918
0.984933
0.972767
0.960961
1.042721
0.961160
0.947136
0.866538
0.997672
1.024617
0.927080
1.083149
0.985785
1.093910
0.790585
1.043102
1.051159
0.786748
1.016507
0.952741
0.937870
0.753856
0.940030
0.997519
1.015360
1.091543
0.845007
0.993238
0.961576
0.918913
1.060772
0.980094
0.920775
1.043770
1.007897
0.851733
1.110401
0.977693
0.898182
0.906262
0.968247
